X 163782604097570 -39  339693128219614 8 -175910524122044

X 165008537629302 -68  336333829055570 18 -171325291426268
X 165008537629302 -68  337398961767230 6 -172390424137928
X 165008537629302 -68  339693128219614 8 -174684590590312

X 171834827764229 -122 234205136344037 50 -62370308579808
X 171834827764229 -122 285916480116416 60 -114081652352187
X 171834827764229 -122 318313224606524 27 -146478396842295
X 171834827764229 -122 328502469179556 7 -156667641415327
X 171834827764229 -122 329003376176988 20 -157168548412759
X 171834827764229 -122 336333829055570 18 -164499001291341
X 171834827764229 -122 337398961767230 6 -165564134003001
X 171834827764229 -122 339693128219614 8 -167858300455385

X 219235623600942 127  163782604097570 -39 -55453019503372
X 219235623600942 127  165008537629302 -68 -54227085971640
X 219235623600942 127  171834827764229 -122 -47400795836713

X 320870677764563 -40  328502469179556 7 -7631791414993
X 320870677764563 -40  329003376176988 20 -8132698412425
X 320870677764563 -40  336333829055570 18 -15463151291007
X 320870677764563 -40  337398961767230 6 -16528284002667
X 320870677764563 -40  339693128219614 8 -18822450455051

if vx < 0 then px > 339693128219614 and vx < -122
if vx > 0 then px < 163782604097570 and vx > 127




Y 220522474055239 -73  374454477296229 7 -153932003240990

Y 225154401936948 -521 356366422983125 24 -131212021046177
Y 225154401936948 -521 374454477296229 7 -149300075359281

Y 335750934489987 -24  356366422983125 24 -20615488493138
Y 335750934489987 -24  374454477296229 7 -38703542806242

Y 356366422983125 24   191592767579977 -100 -164773655403148

Y 374454477296229 7    191592767579977 -100 -182861709716252





Z 239810510444710 -11  304677713378740 7 -64867202934030

Z 243050626677760 -35  298728466148813 12 -55677839471053
Z 243050626677760 -35  304677713378740 7 -61627086700980

Z 249344095056520 -56  298728466148813 12 -49384371092293
Z 249344095056520 -56  304677713378740 7 -55333618322220

Z 282502845957937 10   239810510444710 -11 -42692335513227
Z 282502845957937 10   243050626677760 -35 -39452219280177
Z 282502845957937 10   249344095056520 -56 -33158750901417
